25
  0  0  0  0  0  0  0  0  0  0  0  0  0  0  0  0  0  0  0  0  0  0  0  0  0
  0  0  0  0  0  5  5  0  0  0  0  0  0  0  0  0  0  0  0  0  0  0  0  0  0
  0  0  0  0  8  0  0  0  0  0  0  0  0  0  0  0  0  0  0  0  0  0  0  0  0
  0  2  0  0  2  0  0  9  0  0  0  0  0  0  0  0  0  0  0  0  0  0  0  0  0
  0  0  7  0  0  0  0  0  0  3  0  0  0  0  0  0  0  0  0  0  0  0  0  0  0
  3  3  0  0  4  0  1  0  8  0  7  0  0  0  0  0  0  0  0  0  0  0  0  0  0
  2  9  0  0  0  0  0  6  0  8  5  0  0  0  0  0  0  0  0  0  0  0  0  0  0
  5  4  0  0  0  0  4  0  0  6  0  3  0  0  0  0  0  0  0  0  0  0  0  0  0
  0  5  0  0  0  9  0  0  0  0  5  4  6  0  0  0  0  0  0  0  0  0  0  0  0
  0  5  0  1  0  0  6  0  0  0  0  4  0  0  8  0  0  0  0  0  0  0  0  0  0
  4  9  8  2  0  0  0  8  6  1  0  0  9  0  9  0  0  0  0  0  0  0  0  0  0
  8  0  6  0  3  4  0  0  5  0  0  0  2  9  0  2  0  0  0  0  0  0  0  0  0
  0  0  0  0  8  1  7  0  3  0  0  5  0  9  3  1  6  0  0  0  0  0  0  0  0
  0  4  0  9  0  7  0  3  7  0  0  0  7  0  0  0  5  0  4  0  0  0  0  0  0
  6  3  0  5  0  8  0  2  0  2  9  4  7  5  0  0  8  9  5  2  0  0  0  0  0
  0  9  0  6  0  6  0  0  0  5  1  0  0  0  0  0  9  0  0  6  1  0  0  0  0
  9  2  0  3  3  6  4  9  0  9  1  5  0  0  4  9  0  9  0  0  4  6  0  0  0
  0  9  8  0  1  0  7  6  0  4  0  9  9  0  0  8  8  0  6  0  0  5  0  0  0
  0  2  0  0  2  0  0  4  0  0  0  1  9  3  0  0  0  4  0  2  5  0  5  0  0
  1  0  2  8  0  4  9  1  9  0  0  0  2  5  4  0  6  7  0  0  5  0  5  7  7
  7  6  0  0  1  0  9  7  0  0  2  1  4  0  4  0  4  0  0  5  0  4  6  0  0
  0  0  0  0  0  0  8  0  0  9  0  4  0  1  8  0  5  0  0  0  0  0  0  0  0
  0  0  4  0  0  0  0  0  7  0  1  0  1  0  0  7  1  0  2  6  9  0  0  0  3
  0  0  2  0  4  0  8  0  7  0  0  3  3  4  0  3  0  6  7  0  0  2  0  0  0
  0  6  1  2  3  0  3  2  0  0  8  0  5  0  0  9  0  0  0  0  0  0  0  0  0


Maksymalny przepływ:
  0

Graf przepływów:
  0 [0, 0, 0, 0, 0, 0, 0, 0, 0, 0, 0, 0, 0, 0, 0, 0, 0, 0, 0, 0, 0, 0, 0, 0, 0]
  0 [0, 0, 0, 0, 0, 0, 0, 0, 0, 0, 0, 0, 0, 0, 0, 0, 0, 0, 0, 0, 0, 0, 0, 0, 0]
  0 [0, 0, 0, 0, 0, 0, 0, 0, 0, 0, 0, 0, 0, 0, 0, 0, 0, 0, 0, 0, 0, 0, 0, 0, 0]
  0 [0, 0, 0, 0, 0, 0, 0, 0, 0, 0, 0, 0, 0, 0, 0, 0, 0, 0, 0, 0, 0, 0, 0, 0, 0]
  0 [0, 0, 0, 0, 0, 0, 0, 0, 0, 0, 0, 0, 0, 0, 0, 0, 0, 0, 0, 0, 0, 0, 0, 0, 0]
  0 [0, 0, 0, 0, 0, 0, 0, 0, 0, 0, 0, 0, 0, 0, 0, 0, 0, 0, 0, 0, 0, 0, 0, 0, 0]
  0 [0, 0, 0, 0, 0, 0, 0, 0, 0, 0, 0, 0, 0, 0, 0, 0, 0, 0, 0, 0, 0, 0, 0, 0, 0]
  0 [0, 0, 0, 0, 0, 0, 0, 0, 0, 0, 0, 0, 0, 0, 0, 0, 0, 0, 0, 0, 0, 0, 0, 0, 0]
  0 [0, 0, 0, 0, 0, 0, 0, 0, 0, 0, 0, 0, 0, 0, 0, 0, 0, 0, 0, 0, 0, 0, 0, 0, 0]
  0 [0, 0, 0, 0, 0, 0, 0, 0, 0, 0, 0, 0, 0, 0, 0, 0, 0, 0, 0, 0, 0, 0, 0, 0, 0]
  0 [0, 0, 0, 0, 0, 0, 0, 0, 0, 0, 0, 0, 0, 0, 0, 0, 0, 0, 0, 0, 0, 0, 0, 0, 0]
  0 [0, 0, 0, 0, 0, 0, 0, 0, 0, 0, 0, 0, 0, 0, 0, 0, 0, 0, 0, 0, 0, 0, 0, 0, 0]
  0 [0, 0, 0, 0, 0, 0, 0, 0, 0, 0, 0, 0, 0, 0, 0, 0, 0, 0, 0, 0, 0, 0, 0, 0, 0]
  0 [0, 0, 0, 0, 0, 0, 0, 0, 0, 0, 0, 0, 0, 0, 0, 0, 0, 0, 0, 0, 0, 0, 0, 0, 0]
  0 [0, 0, 0, 0, 0, 0, 0, 0, 0, 0, 0, 0, 0, 0, 0, 0, 0, 0, 0, 0, 0, 0, 0, 0, 0]
  0 [0, 0, 0, 0, 0, 0, 0, 0, 0, 0, 0, 0, 0, 0, 0, 0, 0, 0, 0, 0, 0, 0, 0, 0, 0]
  0 [0, 0, 0, 0, 0, 0, 0, 0, 0, 0, 0, 0, 0, 0, 0, 0, 0, 0, 0, 0, 0, 0, 0, 0, 0]
  0 [0, 0, 0, 0, 0, 0, 0, 0, 0, 0, 0, 0, 0, 0, 0, 0, 0, 0, 0, 0, 0, 0, 0, 0, 0]
  0 [0, 0, 0, 0, 0, 0, 0, 0, 0, 0, 0, 0, 0, 0, 0, 0, 0, 0, 0, 0, 0, 0, 0, 0, 0]
  0 [0, 0, 0, 0, 0, 0, 0, 0, 0, 0, 0, 0, 0, 0, 0, 0, 0, 0, 0, 0, 0, 0, 0, 0, 0]
  0 [0, 0, 0, 0, 0, 0, 0, 0, 0, 0, 0, 0, 0, 0, 0, 0, 0, 0, 0, 0, 0, 0, 0, 0, 0]
  0 [0, 0, 0, 0, 0, 0, 0, 0, 0, 0, 0, 0, 0, 0, 0, 0, 0, 0, 0, 0, 0, 0, 0, 0, 0]
  0 [0, 0, 0, 0, 0, 0, 0, 0, 0, 0, 0, 0, 0, 0, 0, 0, 0, 0, 0, 0, 0, 0, 0, 0, 0]
  0 [0, 0, 0, 0, 0, 0, 0, 0, 0, 0, 0, 0, 0, 0, 0, 0, 0, 0, 0, 0, 0, 0, 0, 0, 0]
  0 [0, 0, 0, 0, 0, 0, 0, 0, 0, 0, 0, 0, 0, 0, 0, 0, 0, 0, 0, 0, 0, 0, 0, 0, 0]

Ścieżki przepływów:


Opis danych wejściowych:
     Graf skierowany z dodatnimi wagami na krawędziach.
     Pierwsza liczba N to liczba wierzchołków.
     Kolejne N linii zawiera po N liczb.
     Waga z węzła A do węzła B jest w wierszu A i kolumnie B
     Waga łuku oznacza maksymalny przepływ w danym łuku
     
Opis Maksymalny przepływ:
     Jest to maksymalna suma przepływów z pierwszego do ostatniego węzła.

Opis Graf przepływów:
     Jest macierzą maksymalnych przepływów w sieci.
     Kolejne linie oznaczają opis kolejnych węzłów.
     Pierwsza liczba to całkowity przepływ wypływający z węzła.
     Następnie następuje lista przepływów z danego węzła do pozostałych węzłów.

Opis Ścieżki przepływów:
     Jest to lista ścieżek przepływów, od pierwszego do ostatniego węzła.
     Kolejne linie oznaczają opis kolejnych ścieżek przepływu.
     Pierwsza liczba to przepływ w danej ścieżce.
     Następnie następuje lista węzłów na ścieżce.
