data: 10
 0 24  4 40 96  6 59 40 90 76 
 4  0 95 14 65 37 26 20 11 38 
17 62  0 96 60 61 52 41  7 81 
82 82 52  0 39 11 12 43 10 29 
57 73 67 80  0 27 67 43  1 16 
89 85  1 49 24  0 23 86 53 97 
90 96  8 75  6 15  0 79 46  7 
90 60 87  6 12 46 98  0 14 48 
35 79 77 83 15 41 85  1  0 17 
34 45  5 17 92 38 86 62 53  0 

programowanie dynamiczne (0.000s):
104
0 5 2 8 7 3 6 4 9 1 0

data: 11
 0 20 36 91 20 68 29 63  8 36 80 
 9  0  1 39 33  9 56  8 99 29 67 
24 18  0 53 13  6 64  5 87 56 64 
96 29 40  0 72 51 29 99 53 69 72 
81 83 45 81  0 93  4 58 19 70 21 
90 36 66 59 49  0 68 94 32 78 34 
49 95 90 11 94 80  0 96 96  7 13 
82 64 39  7 97 55 82  0 60 57  9 
20 80 52 35 32  8 95 27  0 48 72 
82 99 81  1 15  3 77 49  8  0 63 
11 61 53  8 83  2 48 12 75 24  0 

programowanie dynamiczne (0.001s):
130
0 4 6 9 3 1 2 7 10 5 8 0

data: 12
 0 16 72 47 47 31  3 86 21 99 61 18 
78  0 13 25 95 88  9 65 45 76 16 39 
 9 45  0 70 18 32 92 30 80 81 23 73 
66 97 92  0 42 33 67 68 85 40 19 16 
57 71 22 31  0 91 18 23 49 46 69  1 
41 44 81 84 51  0 64 16 35 19 98  1 
12 87 81 63 31 24  0 30 78 16 29 81 
40 79 29 13 56 44 70  0 55  3 98 12 
33 38 91 35 33  1 70 70  0 62 40 80 
38  3 86 29 57 36 85 35 62  0 21  7 
93 28 92 73 15 25 31 89  9 59  0 33 
11 52 83 55 85 42 17 25 98 29 24  0 

programowanie dynamiczne (0.002s):
130
0 6 9 1 2 4 7 3 10 8 5 11 0

data: 13
 0 12  5 98 70 93 72 10 38 63 38 31 18 
78  0 17 78 21 10 27 57 81 12 60 33 37 
38 35  0 59 97  4 92 70 13  3 93 27 34 
25 84  9  0 60 85 96 96 50 85 49 36  8 
55 13 11 51  0 26 75 52 66 16 68 41 24 
64 79 36 79 23  0 21 22 78 62 24 49 65 
73 25 50 34  7 80  0 98  1 21 88  8 92 
11 82 97  2  1 58 24  0 91 66 20 44 30 
17 47 35 53 87 42 62 92  0 64 91 68 76 
81 66 89 74 23 70 75 46 77  0 21 75 90 
42 21 83 66 72 66 22 15 41 48  0 13 67 
84 95 40 10 61 56 22 29 51 76 37  0 79 
88 48 77 20 63 25 70 58 55 37 34  6  0 

programowanie dynamiczne (0.003s):
145
0 12 11 3 2 9 10 7 4 1 5 6 8 0

data: 14
 0  8 37 54 93 56 46 33 51 23 19 40 57 65 
60  0 61 57  7 88 69 90  4 81 57 29 98 99 
29 86  0 77  5 59  7 32 17 52 75 25 27 88 
71 52 89  0 70 88 14 23 54 80 73 34  8 83 
75  2 81  4  0 87 55 97 96 83 98 56 24 27 
 7 41 36 69 47  0 67  7 24 16 22 52 80 79 
65 18 72 25 21 71  0 96  6 92  1 85 79 10 
26 44 99 39 18 89 22  0 26 26 33 81 38 56 
65 88 93 97 94 62 12 68  0 18 44 77 77 30 
95 56 42 22 73 13 56 80 61  0 62 91 61 71 
50 92  7 68 40 38 53 55 26 49  0 67 58 85 
21 23 26 91 61 10 97 30 93 71 29  0 48 11 
37 95 72 97  4 94 80  4 66 33  3 52  0 81 
92 70 24 39 46 12 99 96 91 43 67  3  7  0 

programowanie dynamiczne (0.010s):
131
0 1 8 9 5 7 4 3 12 10 2 6 13 11 0

data: 15
 0  4 73  6 17 19 16 56 68 86 99 49 96 52 34 
 5  0 89  8 50 85 95 95  3 85 21 63 64 82 14 
 8 51  0 44 96 61 44 81 17 25 69 68 73 44 93 
14 48 23  0  1 68 53 91 55  5 16 88 81 91 55 
17 63 42 50  0 98 14 76 68 35 11 61 46 64 32 
41 85 44 78  7  0 70 58 78 30 37 44 33 57 35 
29 86 33 83  4 74  0 99 45 96 33 54 91 49 31 
21 21 98 78 21 18 24  0 17 95 31  9 47 53 51 
40 13 22 79  5 82 30 91  0 53  9  5 33 90 50 
92 98 64 85 94 28 72 46 56  0 32  1 49 95 72 
68 87 40 34  5 62 63 31 49  4  0 35 17 80 98 
52 62 16 78 88 63 22 27 14 50  8  0 77 79 76 
 6 56 11 71  3 65 16 98 77 70 88 15  0 86 79 
41 20 28  5 59 34 51 79 96 18 15 95  5  0 80 
36 85 77 23  7 56 12 53 81 55 57  9 70 63  0 

programowanie dynamiczne (0.017s):
210
0 3 9 11 8 1 14 6 4 10 7 5 13 12 2 0

data: 16
 0 99  6 61 44 81 89 79 85 50 76 62 36 39  8  1 
27  0  9 12 97  5 91 24 10 13 24 29 40 41 13 25 
33 33  0 90 71  7 58 25 12 48 71 36 97 70 22 57 
70 78 86  0 14 76  2 44  2 61 97  7 42 35 29  7 
42 14 29 92  0 39 15 81 56 55 13 97  4 85 33 97 
65 88 36 77 90  0 16 37 89 98 47 76 56 78  7 59 
26 85 64 53 66 73  0  5 36  6 16 71 24 60 93 87 
69 41  2 64 23 32 98  0 21  8 95 77 36 35 60 27 
75 84 40 96  6  5 39  4  0 37 10 18  2 56 89 40 
21 26 48 43 69 95 38  8 22  0 88  6  5 74 33 93 
62 40 40 93 72 12 76 17 20 81  0 46 50 33 16 16 
15 18 60  5 52 31 33 76 77 87 89  0 55 44 85 86 
15 74 52 65 83 81 45 44  8 54 15  6  0 48 96 11 
15 88 39 90 65 14  6 99 55 98 76 89 54  0 91 84 
38  7 88 71  8 84 24  7 94 77 91 94 16 41  0 72 
65  3  2 80 82 16  6 86 81 74 49 39 30 82 46  0 

programowanie dynamiczne (0.030s):
127
0 15 1 9 11 3 8 10 13 6 7 2 5 14 4 12 0

data: 17
 0 95 38 17 67 44 59  3 98 10 57 71 75 26 81 92 10 
58  0 77 14 10 83 45 34  9 88 97 93 68 18 98 45 22 
80 24  0 36 99 25 54 28 73 28 97 27 99 95 98 56  1 
 3 32 97  0 76 19 41  8 58 67 11 16 63 15 33 48 13 
57 47 15  2  0 46 97 58 18 27 83 88 33  7 10 76 51 
75 87 45 26 62  0 62 83 73 10 44 47 75 79  6 95 92 
39 64 45 90  7 44  0 99 69 51 73 69  4 97 37 13 44 
17  6  7 73 79 63 87  0 62 42 16 75 84 78 15 28 15 
75 10 34 41 79 36 29 28  0 24 95 37 39 19  8 24  4 
31 72 49 42 14 21 83 96 45  0  7 46 71 90 22 61 70 
45 66 69 52 81 20 39 62 41 33  0  6 51 77 56 10 59 
72 37 18 82 58 92 62 25 93 43 35  0 25 81 57 54 15 
54 77 97 17 34  1 38 95 57  9  5 43  0 40 71 24 55 
86  9  2  9 90 84 38 10  2  5 26 18 73  0 47 47 58 
75 65 82 71 35 94 48 78 40 65 57 33 86 52  0 36 88 
97 25 77  1 96 66 82 93  6 39 40 53 85 43 66  0 84 
97 27 15 83 92 92 62 51 45 22 27 63 87 87 38 94  0 

programowanie dynamiczne (0.048s):
163
0 7 1 4 13 8 6 12 5 14 11 2 16 9 10 15 3 0

data: 18
 0 91 74 68 90  7 33 26 16 73 34 84 15 13 55 84 92 94 
 7  0 26 19 75 66 58  1 49 62 47 95 23 72 61 11 74 53 
26 65  0 25 96  8 75 20  2 83 73 30 27 30 19 75 50 19 
95  5 32  0 14 10 92 82  7 16 87 48 63 33  2 51 19 22 
80 37 82 15  0 68 38 79  5 25 87 75 16 90 59 49 58 26 
83 52  7 64  9  0 68 61 98 58 29 12 13 24 50 75  2 17 
19 39 45 19 77 97  0 31 55 97 89 99 86  2 47 81 94 44 
25 93  9 47  7 76 51  0 17 30 16 86 58 64 57 16 68 12 
 6 18 43 31  9 42 73 44  0 79 56 88 83 53  5 73 27 46 
86 20 20 27  9 27  3 63 36  0 92 71 51 28 63  3 18 61 
45 80 69 78 35 36 33 55 15 87  0 30 66 46 97 18  7 84 
26  6 55 64 93 28 72  7 94 27 57  0 37 96 45 99  8 86 
42 85 66 58 52 75 30 23 79 74 80  1  0 15 85 45 37 69 
56 99 74 75 85 58 99 40 68 13 14 45 74  0 33 91 20 65 
81 89 31 97 52  2 28 79 31 77 64 16 31 20  0 16 90 75 
68 73 32 36 44 70 64 88 39 11 45 63 20 39 94  0  7 97 
71 50 18 66  9 78 11 92 39 86 47 97 23 41 53 14  0 87 
69 31 42 64 31 62 39 47 67 33 14  6 63 68 57 77 88  0 

programowanie dynamiczne (0.092s):
143
0 12 11 1 7 17 10 15 16 6 13 9 4 3 14 5 2 8 0

data: 19
 0 83  7 24 18 69  3 45 29 37 15 93 54 99 25 80 75 27  8 
 1  0 24 71 87 82 92 10 27  5 23 24 46 73 95 64 82 53 90 
82 21  0 87 77 12  6 40 51 64 51  8 33 52 68 40 92 37 45 
96 20 61  0 58 93 72 60 67 78 53 46 59 23 42 90 28 63 75 
54  6 92 74  0 43 65 74 76 10 31 57 90 85  6 38 34 59 12 
18 93 51 18 15  0 31 82 83 55 60 96 89 64 78 21 82 81 22 
12 60 69 82 35 78  0 96 25 83 26 96 59 29 75 78 42 68 24 
39  6 41 56 59 82 83  0 99 12 95 46 12 90 25 78 69 43 64 
63 28 40 32 21 96 92 63  0 51 10 33 93 86 23 32 44 56 27 
11 12 90 17 32 87 47 98 89  0 55 91 83 14 58  3 42 92 61 
72  2 40 34 74 46 70 38 66 86  0 67 33 37 90 36 95 33 76 
21 40  2 37 94  7 30 85 27 61 92  0 64 51 40 50 58 76 63 
 6 32 66 64 60 65 92 48  6 92 99 51  0  9  2 31 79  8  9 
15  9 50 53 78 53 43 73 93 75 30 55 62  0 76 39 30 27 95 
90 50 34 80 64 66 66 45 69 57 36 84 16 70  0  9 17 11 97 
 3 75  5 33 22 45 35 76 41 98 73 65 76  5 61  0 95 29 69 
16 39 24 90 68 88 36 46 91 44 71 25 34 20 97 19  0 73 67 
91 21 77 45 10 55 86 18 28 61 93 21 74 10 62 33 47  0 41 
75  9 13 82 41 72 40 43 56 13 81 94 46 68 58 86 84 59  0 

programowanie dynamiczne (0.196s):
214
0 6 8 10 1 7 12 14 17 4 18 9 15 2 11 5 3 16 13 0

data: 20
 0 79 39 75 41 32 76 68 46  1 91  3 93 86 98 72 58 63  5 62 
54  0 63  5  7 84 74 91 58 50 29 20 85 84 58 12 80 20 24 21 
81 67  0  4  6  1 25  3 79 85 51 25 86 61 89 69 58 76 30 13 
43 30 80  0 33 82 97 73 90 63 27 62  1 19 48 32 72 47 43 65 
48 61 39 73  0 29  3 61 27 49 24 28 57 54 15  7 15 37 37 67 
95 50 56 39 64  0 87 62 10 18 96 46 85 50 18 93 83 67 80 61 
52 91 98 85 53 49  0 64 42 14 73 60 96 53 94 52 92 32  7  7 
 9 79 51 83 86 10 38  0 52 92 13 84 45 76 24 75 62 36 76 53 
95 56 33 46 63 46 37 37  0 49 18 35 35 10 82 40 12 87 79 14 
42 30 10 84 88 80 76 29 74  0 69 73 18 22 47 70 34 91 11 71 
 7 70 72 50  9 69 96 39 95 33  0  7 25 85  6 69 29 72 56 27 
50 53 72 57 21 42 72 26  8 49 47  0 83 61 25  1 37 10 10 44 
34 77 35 45 45 70 43 89 84  9 90 91  0 96 16 93 98 54 78 45 
60 71 14 40 23 75 57 80 77 89 60 55 96  0 94 44  8 80 92 30 
37 50 10 82  5 62 48  8 98 89 68 99 40  8  0 58 91 66 66 25 
70 50  1 25 23 90 74 50 90 13 41 26 48 41 71  0 50 38 32 69 
38 69 46 13 52 92 49 93 32 79 68 19 15 28 10 42  0 99 48 49 
40 45 87 59 31 26 56 37  1 15 52 92 16  5 45 43 78  0 26 44 
50 52 98 84 88 58 84 48 56  1 98 78 67 68 67 54 86 37  0 51 
66 66 16 36 88  9 16  5 65 38 49 58 20 22 12 89 28 63 32  0 

programowanie dynamiczne (0.414s):
165
0 11 17 13 16 3 12 14 4 6 18 9 1 15 2 5 8 19 7 10 0

data: 21
 0 75 75 31 64 94 46 91 59 60 72 16 33 77 72 68 41 95  6 28 70 
38  0 26 35 76 35 56 16 73 34 93  2 73 52 41  8 45 65 21 24 47 
77 99  0 57  3 37  8 63 65 97  5 82 86 97 71 56 36 64 68  2 67 
81  6 97  0 89 35 71 31 82 15 14 29 92 90 88 97 56 20 79 17 72 
 2 48 74 69  0 13 42 14 84 49 18 91 40 27 52 24 29 69 30 98 69 
34 82 35 55 57  0 14 89 74 20 27  2 48 26 44 33 86 76 87 84  2 
24 99  9 45  9 48  0 67 83 63 33  5 27 30 86 63 90 67 27  4 81 
 9 22 16 82  1 27 25  0 15 99 79 64 47 30 61 56 59 37  2 51 38 
27 42  9 59 54 29 52 48  0 32 60 42 88  5 32 85 67  3 46 16 52 
 9 66 45 91  6 20 98 97 45  0 52 80 73 12 59 27 98 97 49 15 41 
38  8 17 80  5 13 72 14 55 61  0 42 93 78 95 26 64 92  6 66 28 
98  7 53 61 49 68 27 20 37 51 46  0 63 11 37 77 64 60 67 24  5 
 1 50 58 93 22 82  6 28 25 70 88 54  0 51 28 11 21 98 56 48 31 
63 20 31 79 76 69 89 37 95  3 54 12 18  0 11 60 61 91 64  4 70 
66 43 22 56 28 88 42  5 76 80 34 42 29 10  0 33 42 10  1 38 75 
 5 66 52 66 16 82 65 25 30 79  8 49 77  9 68  0 10 72 62  3 14 
26 37 59 51  6 49  4 14 53 69 75  6 61 82 52 68  0 11 48 18 94 
32 67 29 80 23  8 56 43  7  2 77 78 36 26 91 38 87  0 62 76 67 
77 77 76 44 56 89 39 47 39 97 76 17 89 41 18 58 35 88  0 91 84 
90 49 36 91 28 86 35 38 75 56 45 93 11 90  7 13 74 94 29  0 99 
49 60 31 21 97 40 94 30 18 88 94 26 93 55 46 30 29 86 43 53  0 

programowanie dynamiczne (0.889s):
169
0 18 14 7 8 17 9 13 19 12 6 2 10 5 11 20 3 1 15 16 4 0

data: 22
 0 71  8 86 87 57 20 15 76 24 49 25 72 64 46 60 24 28  7 89 82 47 
51  0 59 68 99 21 69  1 39 71 14 62 42 74 35 74  7 21 66 27 79 91 
14 14  0 75 36 37 83 74 23  4 83 30 84 36 42 16 93 77 54 38 78 17 
28 10 79  0 35  3 25  5 14 49  9 30 52 47 91 97 94 71 66 67 46 73 
91 76 60  4  0 40 21 80 61 13 71 76 58 88  4 58 78 19 77  8  1 96 
52 77 93  3 22  0 16 33 71 27 14 81 50 85 16 54 54 35 75 76 40 40 
46 77 72 78 69 81  0 53 64 43 34 51 67 97 29  3 91 39 52 21  9 73 
91 58 41 19 52 37 60  0 79 68 11 61 65 43 68 35  4 79 77 48 18 52 
60 72 37 70 35 79 50 90  0 29 20 98 30 82 59 17 65 93 92 23 57 98 
91 33 54 80 51 72 49 28 98  0 34 53 41 13  5 71  4 56 16 59 50 95 
48 31 11 95 66 10 60 55  8 83  0 18 30 49 93  2 95 44 34 30 68 15 
97 81 76 99 12 39 36 26 57 14 76  0  1 93 49  7 33 11 89 65 63 64 
15 31 94 41 64  4 48 37 65 72 45 22  0 76 46 49 33 37 95 30 15 77 
85 14 22 29 19 29 67 37 50 28 48 42 85  0 18 55 48 36 41 93 79 65 
35 57 47 93 57 35 79 96 86 70  1 66 23 57  0 47 11 23 53 61 85 61 
69  1 26 96 95 81 34 74 70 53 71 53 20 68 71  0 94 70 22 50 48 48 
88 21 47 92 15  3  9 14 11 93 13 28 97 55 23 11  0 71 57  1  9 11 
46 70 66  2 90 99 86 22 92 47 89 89 62 90 87 95 26  0 16 94 58 87 
37 20 33 64 24 77 41 33 17 20 68 81 41 83  1 33 57 48  0 50 11 73 
44 48 62 68 94 23  9 74 16 13 91 13  4 73 84 22 96 61 86  0  6 84 
27 78  6 94 18 13  9 39 55 35 49 82 93 23 53 39 34 69 55 37  0  2 
75 68  2 86 72 90 26 81 34 55 63 53 78 25 91 65 59 82 44 73 12  0 

programowanie dynamiczne (1.923s):
170
0 18 14 10 8 4 20 21 2 9 13 17 3 5 6 15 1 7 16 19 11 12 0

data: 23
 0 67 40 38 15 20 89 38 93 87 30 34 12 51 20 52  7 64  4 51 94 52 43 
68  0 60 60 85 27 28 44 45 26 47 36  4 62  4 44 21  9  7 81 83 18 70 
54 10  0 15 97 47 41 25 80 58 97 16 52 67 23 49 41 94 51 32 47 30 24 
83 39 23  0 95 98 10 23 67  3 38 63 16 68 70 27 86 18 81 28 40 78 93 
35 35 20 65  0  3 90 29 91  4 77 18 83  4 68 76 50 32 28 41 97 31 28 
89 30 18 17  6  0 76 28 87 43  7 88 66 42  8 75 32 19 91 61 89 10 54 
75 76 42 23 73 39  0 95 76 96 61 66 22 41 90 22 75 97 78 58 36 27 94 
71  3 81 84 21 83 48  0 28 94  4  1 67 83 60 84 17 18 98 81 54 68 91 
21 51 93 85  8 56 56 88  0 77 65 51 21 48 32 14 28 83 90 81 67 57 99 
61 53 65 40 18 92 66  3 99  0  1 45 30 45 20 32 13 37 89 56 18  6  1 
89 37 53 45 26 50 27 61 44 23  0 83 31 99 42 62 46 14 12 84 94 27 52 
57 43 89 72 35 56 93 54 64 38 74  0  7 61 71 12 13 44 30 99 81 74  9 
19 72 23  9 33 78 88  2 22 33 54 17  0  1 42 93 31 99 38 13 74 32 47 
20 89 10 24 95 48 45 34 25 61 81 48 73  0 32 83 84  3 84 35 17 63 53 
86 68 38 38 53 49 66 50 20 91 83 27 84 49  0 12 85 55 37 57 36 23 89 
52 10 35 82 18 44 28 27 31 46 71 31 73 46 98  0 60 22 99 48  4 40 40 
27  7 84 14 79 30 87 74 52 32  8 26 96  4 33  5  0 28 85 79 98 74 66 
 7 14 35 85 82 93 48 85 38 94 15 90 38 43  5 98 87  0 22  4 51 20 85 
46 30 27 18 53  1 75 76 58 25 20  5 33 91 61 37 13 25  0 88 47 92 44 
45 64 20 83 38 22 22 74 79 25 90 38 42 97 42 49 77 57 31  0 81 84 95 
48 16 15  7 54 48 97 45 32 93 66 55 38 78 72 70 18 58 99 10  0  2 55 
42 41 58 93 13 76 39 50 84 90 98 61  6 46 89 81 94  6 55 85  4  0 98 
71 42 59 75  6 19 79 77 58 58 18 54  1 92 40 17 42 73 60 68 39 72  0 

programowanie dynamiczne (4.173s):
186
0 16 15 20 21 17 19 6 3 9 10 18 5 4 13 2 11 22 12 7 1 14 8 0

data: 24
 0 63 76 93 38 82 63 61  7 47  7 47 51 38 93 48 89 96  5 13 11 61 35 89 
 8  0 21 50 80 55 49 19 42 36 26 33 89 29 85 17 51 86 79 75 18 27 28 44 
92 92  0 20 59 50 77 90 15 91 58 19 48 25 28 47 24 47 62 50 68 87 43 43 
49 86 79  0 41  9 57 29 35 34 46 69 91  6 89 85 60  4 96 79 58 30 23 54 
 8 88 10 85  0 23 51 77 92 92 63 49 95 71  4  9  2 55 30 23 44 98 62 88 
79 71  2 89 74  0 19  2  9 39  7 24 91  2 50  1 50 27 99 99 16  7 13 23 
52 89 24 90 35 89  0 57 72 70 59 41 20  2 24 17 29 76 26 94 58 80 97 53 
51 21 85 24 20 86 53  0 13 57 98 27 32 25 90 92 99 73 63 72 89 26 53 60 
17 65 38 75 84  2 72 98  0 86 30 94 85 86 96 71 72 73 43 19 84 61  2 43 
 3 46 40 64 46  9 53 34  8  0 52 80  4 18 70 56 76 41 62  3 58 78 54 16 
 3 52 64 14  8 29 80 88 87 43  0 40 24 11 85 89 95 59 83 76 19 59  9 88 
 3 86 32  2 55 22 40 19 30 94 99  0 90 68 99 68 29 24 85 73 25 92 23 24 
49 68 69 62 94 62 22 97  1 22  5 83  0 64 95 51 59 96 88 84 83  6 53 57 
66 29 87 76 19  3 69 67  4 49 65 85 69  0 57 33 43 43 70 82 41 61 77 17 
54 49 96 57  7 61 52 73  8 95 29 99 43 85  0  4 61 37 45 46 47 44 87 83 
71 31 31 75  3 56 57 69 53 46 12 23 46 53 29  0 42 66 25 52  7 81 69 62 
94 70  9 72 10 53  7 89  8 71  9 81 50 76 38  8  0 56 40 47 69 89 29 93 
15 60 11 73 86 27 11  6 43 66 66 49 88 84 22 27 35  0 50 74 35 61 22 72 
66 55 93 24  2 76 23 51 40  2 34 49 27 42 41 46 21 45  0  2  9 36 57 19 
96 97 14 58 92 30 50 41  3 10 23  4 38  6 98 55  9  4 70  0 40 51 44 41 
 5 26 98 95 41  4 62 36 21  8 82 87 18 97 71 49 83 81 84 73  0 71 61 45 
76 76  4 44 10 70 39 89 38 15 96 37 42 73 99 80 96 31 47 59 81  0 57 65 
88 19 53 68 55 57 33 99 63 23 46 55 87 99 48 36 43  9 27 88 26 33  0 14 
81 14 35 13 18 70 90 99 76 77 30 60 74 41 61 49 66 39 22 17 92 47 21  0 

programowanie dynamiczne (8.908s):
162
0 18 19 16 6 13 5 10 4 14 15 20 9 12 21 2 11 3 17 7 8 22 23 1 0

data: 25
 0 59  9 45 61 45 33 84 24 11 87 56 90 25 67 40 72 33  6 74 23 66 31 11 32 
48  0 15 34 82 54 92 54 25 20 62 17 58 27 17 93 66 81 67 22 87  6 82 21 70 
30 96  0 71 70 23 28 71 68 66 73 96 15  4 96 66 77 70 13 91 47 63 59 77 64 
27 59 50  0 24  3 52 24 68 52 25 61 93 96 67 19 69 85 21 26 39 29 78 25 38 
58 42 25 33  0 77 58 22 41 11 79 72  6 83 36 56 62 83  8 71 64 66 79 91  2 
12 53 37 75 70  0 12 64 16 35 16 86 99 24 19 93 86 56  7 92 83 71 84  5 13 
57 77 54 19 43 84  0 41  8  7 59 81 49  8 28 36 12 54 92 14 76 48 43  6 19 
72 37 97 75 51 78 99  0 97 78 95 37 59 67 99 50 32 90 53 15  4 48 55 13 79 
79 89 69  4  4 20 97 77  0 85 42 24 72 52  1 82 50 87 35 98 43 97 74 51 78 
57 48 47  6 35 51 75 95 37  0 55 85 95 68  9 20 21 97 32 77 91 15 63 67  2 
61 53 99 64 28 89 19 83 11 59  0 58 83 98 98 62 98 32 98 27 36 12 64  4 25 
82 62 64 76 28 25 65 78 49 32 48  0 27 15 40 92 27 58 29  6 82 27 12 66 47 
37 19 71  7 66 48 39 44  6 26 58 41  0 22 87 64 35 17  4 18 44 45 44  7  1 
68 61 17 20 32 21 73 94 95 66 84 62 86  0 59 72 65 68 28 30 39 44 68  4 53 
36 83 95 47 48 21 67 15 29 68  6  2 40 47  0  5 78  3 79 81 43 36 17 76 66 
90 32 96 42 78 17 63 10 20 45  9 32 65 17 32  0 72  6  8 36 80  3  9 86 81 
40 93 89 52 99 78 59 99 99 98 18 91 53 64 79 81  0 11 75  2  2 92 85 29 46 
69 71 53  9 85 31 20 61 22 44 55 59  8 81 86 96 61  0 76 79  9 57 97  4 52 
90 61 64 90 57 11 30 10 47 17 37 40 89 79 51 71 48 58  0 22 31 59 83 29 68 
61 62 44 88 68 35 54 42 45 41 49 27 55 65 80 11 86 49 96  0 92 21 69 87 52 
84 91 37 90 10 54 40 46 60 61 68 60  1 52 35 20 62 96 98 72  0 45 56 45  3 
82 75 58 60 69 84 77  9 13 72 22 22 22 79  3 20 50 37  7 51  4  0 22 56 82 
20 37 87 95 16 47 47 64 77 46 62 31 10 68 39 98 61 67 63 17 39 74  0 28 72 
 8 16 84 79 57 41 85 81 96 55 32 64 23 20 16 39 96 15 40 78  9 91 79  0  6 
62 64 22 60 14 35 97 42 35 84 59  6 25 93 18 63 32 82 31 54 58 26 57 13  0 

programowanie dynamiczne (18.927s):
193
0 2 13 23 1 21 14 10 6 16 19 15 17 3 5 18 7 20 12 8 4 9 24 11 22 0

