data: 10
 0 24  4 40 96  6 59 40 90 76 
 4  0 95 14 65 37 26 20 11 38 
17 62  0 96 60 61 52 41  7 81 
82 82 52  0 39 11 12 43 10 29 
57 73 67 80  0 27 67 43  1 16 
89 85  1 49 24  0 23 86 53 97 
90 96  8 75  6 15  0 79 46  7 
90 60 87  6 12 46 98  0 14 48 
35 79 77 83 15 41 85  1  0 17 
34 45  5 17 92 38 86 62 53  0 

data: 11
 0 20 36 91 20 68 29 63  8 36 80 
 9  0  1 39 33  9 56  8 99 29 67 
24 18  0 53 13  6 64  5 87 56 64 
96 29 40  0 72 51 29 99 53 69 72 
81 83 45 81  0 93  4 58 19 70 21 
90 36 66 59 49  0 68 94 32 78 34 
49 95 90 11 94 80  0 96 96  7 13 
82 64 39  7 97 55 82  0 60 57  9 
20 80 52 35 32  8 95 27  0 48 72 
82 99 81  1 15  3 77 49  8  0 63 
11 61 53  8 83  2 48 12 75 24  0 

data: 12
 0 16 72 47 47 31  3 86 21 99 61 18 
78  0 13 25 95 88  9 65 45 76 16 39 
 9 45  0 70 18 32 92 30 80 81 23 73 
66 97 92  0 42 33 67 68 85 40 19 16 
57 71 22 31  0 91 18 23 49 46 69  1 
41 44 81 84 51  0 64 16 35 19 98  1 
12 87 81 63 31 24  0 30 78 16 29 81 
40 79 29 13 56 44 70  0 55  3 98 12 
33 38 91 35 33  1 70 70  0 62 40 80 
38  3 86 29 57 36 85 35 62  0 21  7 
93 28 92 73 15 25 31 89  9 59  0 33 
11 52 83 55 85 42 17 25 98 29 24  0 

data: 13
 0 12  5 98 70 93 72 10 38 63 38 31 18 
78  0 17 78 21 10 27 57 81 12 60 33 37 
38 35  0 59 97  4 92 70 13  3 93 27 34 
25 84  9  0 60 85 96 96 50 85 49 36  8 
55 13 11 51  0 26 75 52 66 16 68 41 24 
64 79 36 79 23  0 21 22 78 62 24 49 65 
73 25 50 34  7 80  0 98  1 21 88  8 92 
11 82 97  2  1 58 24  0 91 66 20 44 30 
17 47 35 53 87 42 62 92  0 64 91 68 76 
81 66 89 74 23 70 75 46 77  0 21 75 90 
42 21 83 66 72 66 22 15 41 48  0 13 67 
84 95 40 10 61 56 22 29 51 76 37  0 79 
88 48 77 20 63 25 70 58 55 37 34  6  0 

data: 14
 0  8 37 54 93 56 46 33 51 23 19 40 57 65 
60  0 61 57  7 88 69 90  4 81 57 29 98 99 
29 86  0 77  5 59  7 32 17 52 75 25 27 88 
71 52 89  0 70 88 14 23 54 80 73 34  8 83 
75  2 81  4  0 87 55 97 96 83 98 56 24 27 
 7 41 36 69 47  0 67  7 24 16 22 52 80 79 
65 18 72 25 21 71  0 96  6 92  1 85 79 10 
26 44 99 39 18 89 22  0 26 26 33 81 38 56 
65 88 93 97 94 62 12 68  0 18 44 77 77 30 
95 56 42 22 73 13 56 80 61  0 62 91 61 71 
50 92  7 68 40 38 53 55 26 49  0 67 58 85 
21 23 26 91 61 10 97 30 93 71 29  0 48 11 
37 95 72 97  4 94 80  4 66 33  3 52  0 81 
92 70 24 39 46 12 99 96 91 43 67  3  7  0 

data: 15
 0  4 73  6 17 19 16 56 68 86 99 49 96 52 34 
 5  0 89  8 50 85 95 95  3 85 21 63 64 82 14 
 8 51  0 44 96 61 44 81 17 25 69 68 73 44 93 
14 48 23  0  1 68 53 91 55  5 16 88 81 91 55 
17 63 42 50  0 98 14 76 68 35 11 61 46 64 32 
41 85 44 78  7  0 70 58 78 30 37 44 33 57 35 
29 86 33 83  4 74  0 99 45 96 33 54 91 49 31 
21 21 98 78 21 18 24  0 17 95 31  9 47 53 51 
40 13 22 79  5 82 30 91  0 53  9  5 33 90 50 
92 98 64 85 94 28 72 46 56  0 32  1 49 95 72 
68 87 40 34  5 62 63 31 49  4  0 35 17 80 98 
52 62 16 78 88 63 22 27 14 50  8  0 77 79 76 
 6 56 11 71  3 65 16 98 77 70 88 15  0 86 79 
41 20 28  5 59 34 51 79 96 18 15 95  5  0 80 
36 85 77 23  7 56 12 53 81 55 57  9 70 63  0 

data: 16
 0 99  6 61 44 81 89 79 85 50 76 62 36 39  8  1 
27  0  9 12 97  5 91 24 10 13 24 29 40 41 13 25 
33 33  0 90 71  7 58 25 12 48 71 36 97 70 22 57 
70 78 86  0 14 76  2 44  2 61 97  7 42 35 29  7 
42 14 29 92  0 39 15 81 56 55 13 97  4 85 33 97 
65 88 36 77 90  0 16 37 89 98 47 76 56 78  7 59 
26 85 64 53 66 73  0  5 36  6 16 71 24 60 93 87 
69 41  2 64 23 32 98  0 21  8 95 77 36 35 60 27 
75 84 40 96  6  5 39  4  0 37 10 18  2 56 89 40 
21 26 48 43 69 95 38  8 22  0 88  6  5 74 33 93 
62 40 40 93 72 12 76 17 20 81  0 46 50 33 16 16 
15 18 60  5 52 31 33 76 77 87 89  0 55 44 85 86 
15 74 52 65 83 81 45 44  8 54 15  6  0 48 96 11 
15 88 39 90 65 14  6 99 55 98 76 89 54  0 91 84 
38  7 88 71  8 84 24  7 94 77 91 94 16 41  0 72 
65  3  2 80 82 16  6 86 81 74 49 39 30 82 46  0 

data: 17
 0 95 38 17 67 44 59  3 98 10 57 71 75 26 81 92 10 
58  0 77 14 10 83 45 34  9 88 97 93 68 18 98 45 22 
80 24  0 36 99 25 54 28 73 28 97 27 99 95 98 56  1 
 3 32 97  0 76 19 41  8 58 67 11 16 63 15 33 48 13 
57 47 15  2  0 46 97 58 18 27 83 88 33  7 10 76 51 
75 87 45 26 62  0 62 83 73 10 44 47 75 79  6 95 92 
39 64 45 90  7 44  0 99 69 51 73 69  4 97 37 13 44 
17  6  7 73 79 63 87  0 62 42 16 75 84 78 15 28 15 
75 10 34 41 79 36 29 28  0 24 95 37 39 19  8 24  4 
31 72 49 42 14 21 83 96 45  0  7 46 71 90 22 61 70 
45 66 69 52 81 20 39 62 41 33  0  6 51 77 56 10 59 
72 37 18 82 58 92 62 25 93 43 35  0 25 81 57 54 15 
54 77 97 17 34  1 38 95 57  9  5 43  0 40 71 24 55 
86  9  2  9 90 84 38 10  2  5 26 18 73  0 47 47 58 
75 65 82 71 35 94 48 78 40 65 57 33 86 52  0 36 88 
97 25 77  1 96 66 82 93  6 39 40 53 85 43 66  0 84 
97 27 15 83 92 92 62 51 45 22 27 63 87 87 38 94  0 

data: 18
 0 91 74 68 90  7 33 26 16 73 34 84 15 13 55 84 92 94 
 7  0 26 19 75 66 58  1 49 62 47 95 23 72 61 11 74 53 
26 65  0 25 96  8 75 20  2 83 73 30 27 30 19 75 50 19 
95  5 32  0 14 10 92 82  7 16 87 48 63 33  2 51 19 22 
80 37 82 15  0 68 38 79  5 25 87 75 16 90 59 49 58 26 
83 52  7 64  9  0 68 61 98 58 29 12 13 24 50 75  2 17 
19 39 45 19 77 97  0 31 55 97 89 99 86  2 47 81 94 44 
25 93  9 47  7 76 51  0 17 30 16 86 58 64 57 16 68 12 
 6 18 43 31  9 42 73 44  0 79 56 88 83 53  5 73 27 46 
86 20 20 27  9 27  3 63 36  0 92 71 51 28 63  3 18 61 
45 80 69 78 35 36 33 55 15 87  0 30 66 46 97 18  7 84 
26  6 55 64 93 28 72  7 94 27 57  0 37 96 45 99  8 86 
42 85 66 58 52 75 30 23 79 74 80  1  0 15 85 45 37 69 
56 99 74 75 85 58 99 40 68 13 14 45 74  0 33 91 20 65 
81 89 31 97 52  2 28 79 31 77 64 16 31 20  0 16 90 75 
68 73 32 36 44 70 64 88 39 11 45 63 20 39 94  0  7 97 
71 50 18 66  9 78 11 92 39 86 47 97 23 41 53 14  0 87 
69 31 42 64 31 62 39 47 67 33 14  6 63 68 57 77 88  0 

data: 19
 0 83  7 24 18 69  3 45 29 37 15 93 54 99 25 80 75 27  8 
 1  0 24 71 87 82 92 10 27  5 23 24 46 73 95 64 82 53 90 
82 21  0 87 77 12  6 40 51 64 51  8 33 52 68 40 92 37 45 
96 20 61  0 58 93 72 60 67 78 53 46 59 23 42 90 28 63 75 
54  6 92 74  0 43 65 74 76 10 31 57 90 85  6 38 34 59 12 
18 93 51 18 15  0 31 82 83 55 60 96 89 64 78 21 82 81 22 
12 60 69 82 35 78  0 96 25 83 26 96 59 29 75 78 42 68 24 
39  6 41 56 59 82 83  0 99 12 95 46 12 90 25 78 69 43 64 
63 28 40 32 21 96 92 63  0 51 10 33 93 86 23 32 44 56 27 
11 12 90 17 32 87 47 98 89  0 55 91 83 14 58  3 42 92 61 
72  2 40 34 74 46 70 38 66 86  0 67 33 37 90 36 95 33 76 
21 40  2 37 94  7 30 85 27 61 92  0 64 51 40 50 58 76 63 
 6 32 66 64 60 65 92 48  6 92 99 51  0  9  2 31 79  8  9 
15  9 50 53 78 53 43 73 93 75 30 55 62  0 76 39 30 27 95 
90 50 34 80 64 66 66 45 69 57 36 84 16 70  0  9 17 11 97 
 3 75  5 33 22 45 35 76 41 98 73 65 76  5 61  0 95 29 69 
16 39 24 90 68 88 36 46 91 44 71 25 34 20 97 19  0 73 67 
91 21 77 45 10 55 86 18 28 61 93 21 74 10 62 33 47  0 41 
75  9 13 82 41 72 40 43 56 13 81 94 46 68 58 86 84 59  0 

data: 20
 0 79 39 75 41 32 76 68 46  1 91  3 93 86 98 72 58 63  5 62 
54  0 63  5  7 84 74 91 58 50 29 20 85 84 58 12 80 20 24 21 
81 67  0  4  6  1 25  3 79 85 51 25 86 61 89 69 58 76 30 13 
43 30 80  0 33 82 97 73 90 63 27 62  1 19 48 32 72 47 43 65 
48 61 39 73  0 29  3 61 27 49 24 28 57 54 15  7 15 37 37 67 
95 50 56 39 64  0 87 62 10 18 96 46 85 50 18 93 83 67 80 61 
52 91 98 85 53 49  0 64 42 14 73 60 96 53 94 52 92 32  7  7 
 9 79 51 83 86 10 38  0 52 92 13 84 45 76 24 75 62 36 76 53 
95 56 33 46 63 46 37 37  0 49 18 35 35 10 82 40 12 87 79 14 
42 30 10 84 88 80 76 29 74  0 69 73 18 22 47 70 34 91 11 71 
 7 70 72 50  9 69 96 39 95 33  0  7 25 85  6 69 29 72 56 27 
50 53 72 57 21 42 72 26  8 49 47  0 83 61 25  1 37 10 10 44 
34 77 35 45 45 70 43 89 84  9 90 91  0 96 16 93 98 54 78 45 
60 71 14 40 23 75 57 80 77 89 60 55 96  0 94 44  8 80 92 30 
37 50 10 82  5 62 48  8 98 89 68 99 40  8  0 58 91 66 66 25 
70 50  1 25 23 90 74 50 90 13 41 26 48 41 71  0 50 38 32 69 
38 69 46 13 52 92 49 93 32 79 68 19 15 28 10 42  0 99 48 49 
40 45 87 59 31 26 56 37  1 15 52 92 16  5 45 43 78  0 26 44 
50 52 98 84 88 58 84 48 56  1 98 78 67 68 67 54 86 37  0 51 
66 66 16 36 88  9 16  5 65 38 49 58 20 22 12 89 28 63 32  0 

